[0m                        [38;2;11;26;38;48;2;63;63;127m▀[0m                       [0m
[0m                        [38;2;127;127;255;48;2;127;191;255m▀▀[0m                      [0m
[0m                        [38;2;127;191;255;48;2;127;191;255m▀▀[38;2;127;127;255;48;2;127;191;255m▀[0m           [38;2;11;26;38;48;2;63;127;191m▀▀[0m        [0m
[0m                 [38;2;11;26;38;48;2;0;0;63m▀[38;2;11;26;38;48;2;0;63;127m▀[38;2;11;26;38;48;2;63;63;191m▀[38;2;0;63;127;48;2;63;127;191m▀[38;2;0;63;127;48;2;63;127;255m▀▀[38;2;63;63;191;48;2;63;127;255m▀[38;2;127;127;255;48;2;63;127;255m▀[38;2;63;127;191;48;2;63;127;255m▀[38;2;0;63;127;48;2;63;127;255m▀[38;2;0;63;127;48;2;63;127;191m▀[38;2;0;0;63;48;2;63;63;191m▀[38;2;11;26;38;48;2;0;63;127m▀[38;2;11;26;38;48;2;0;0;63m▀[0m    [38;2;11;26;38;48;2;63;127;191m▀[38;2;11;26;38;48;2;127;127;255m▀[38;2;63;127;191;48;2;127;191;255m▀[38;2;127;127;255;48;2;127;127;255m▀[38;2;127;127;255;48;2;127;191;255m▀[38;2;63;127;191;48;2;127;127;255m▀[38;2;11;26;38;48;2;63;127;191m▀[0m      [0m
[0m               [38;2;11;26;38;48;2;0;63;127m▀[38;2;0;63;127;48;2;63;127;191m▀[38;2;63;63;191;48;2;127;191;255m▀[38;2;63;127;255;48;2;127;191;255m▀[38;2;127;191;255;48;2;127;191;255m▀▀▀▀▀▀▀▀▀▀[38;2;63;127;255;48;2;127;191;255m▀[38;2;63;63;191;48;2;127;191;255m▀[38;2;0;63;127;48;2;63;127;255m▀[38;2;11;26;38;48;2;0;63;191m▀[38;2;11;26;38;48;2;127;127;255m▀[38;2;63;127;191;48;2;127;191;255m▀[38;2;127;127;255;48;2;127;191;255m▀[38;2;127;191;255;48;2;127;127;255m▀[38;2;127;127;255;48;2;127;127;255m▀▀▀[38;2;127;191;255;48;2;127;127;255m▀[38;2;127;127;255;48;2;127;191;255m▀[38;2;11;26;38;48;2;127;127;191m▀[0m [38;2;11;26;38;48;2;127;191;191m▀[38;2;11;26;38;48;2;191;255;255m▀[38;2;191;191;191;48;2;191;255;255m▀[38;2;127;191;191;48;2;191;255;255m▀[0m
[0m             [38;2;11;26;38;48;2;0;63;127m▀[38;2;0;63;191;48;2;63;127;255m▀[38;2;63;127;255;48;2;127;191;255m▀[38;2;127;191;255;48;2;127;191;255m▀▀▀▀▀▀▀▀▀▀▀▀▀▀▀▀[38;2;63;127;255;48;2;127;191;255m▀[38;2;63;127;255;48;2;63;127;255m▀[38;2;127;191;255;48;2;63;127;191m▀[38;2;127;127;255;48;2;127;191;255m▀[38;2;127;127;255;48;2;127;127;255m▀▀▀[38;2;127;127;255;48;2;127;191;255m▀▀[38;2;127;191;255;48;2;127;127;255m▀▀[38;2;63;127;191;48;2;0;63;191m▀[38;2;191;191;255;48;2;191;191;255m▀[38;2;255;255;255;48;2;255;255;255m▀[38;2;191;255;255;48;2;191;255;255m▀▀[0m
[0m            [38;2;0;63;127;48;2;63;63;191m▀[38;2;63;127;191;48;2;127;127;255m▀[38;2;127;191;255;48;2;127;191;255m▀▀▀▀▀▀▀▀▀▀▀▀▀▀▀▀▀▀▀▀[38;2;63;127;191;48;2;127;127;255m▀[38;2;63;127;255;48;2;63;127;191m▀[38;2;127;191;255;48;2;127;127;255m▀▀[38;2;127;191;255;48;2;127;127;191m▀[38;2;127;127;255;48;2;63;127;127m▀[38;2;127;127;191;48;2;11;26;38m▀[38;2;11;26;38;48;2;191;191;255m▀[38;2;11;26;38;48;2;191;255;255m▀[38;2;191;191;191;48;2;191;255;255m▀[38;2;127;191;191;48;2;191;191;255m▀[38;2;191;255;255;48;2;11;26;38m▀[38;2;191;255;255;48;2;191;191;255m▀[38;2;191;255;255;48;2;191;191;191m▀[0m
[0m           [38;2;0;63;127;48;2;0;63;191m▀[38;2;63;127;191;48;2;63;127;255m▀[38;2;127;191;255;48;2;127;191;255m▀▀▀▀▀▀▀▀▀▀▀▀▀▀▀▀▀▀▀▀▀▀[38;2;63;127;191;48;2;63;127;255m▀[38;2;0;63;127;48;2;0;63;191m▀[0m    [38;2;191;191;255;48;2;191;191;255m▀[38;2;255;255;255;48;2;191;255;255m▀[38;2;191;255;255;48;2;255;255;255m▀[38;2;191;191;255;48;2;191;191;255m▀[0m   [0m
[0m          [38;2;0;63;127;48;2;0;63;127m▀[38;2;0;63;191;48;2;63;63;191m▀[38;2;63;127;255;48;2;63;127;191m▀[38;2;127;191;255;48;2;63;127;191m▀▀[38;2;127;191;255;48;2;63;63;191m▀▀▀▀[38;2;127;191;255;48;2;0;63;191m▀▀[38;2;127;191;255;48;2;63;63;191m▀▀▀▀▀▀▀▀▀▀▀▀[38;2;127;191;255;48;2;63;127;191m▀▀[38;2;127;127;255;48;2;63;127;191m▀[38;2;63;63;191;48;2;63;127;191m▀[38;2;0;63;127;48;2;0;63;127m▀[38;2;11;26;38;48;2;191;255;255m▀[38;2;191;191;255;48;2;255;255;255m▀▀[38;2;11;26;38;48;2;191;191;191m▀[38;2;191;191;255;48;2;11;26;38m▀▀[0m    [0m
[0m          [38;2;0;63;127;48;2;0;63;127m▀[38;2;63;63;191;48;2;0;63;127m▀▀▀[38;2;63;63;191;48;2;63;63;127m▀[38;2;127;127;191;48;2;255;255;191m▀[38;2;127;127;191;48;2;255;191;191m▀[38;2;127;127;191;48;2;255;255;191m▀[38;2;127;127;191;48;2;255;191;191m▀[38;2;191;191;191;48;2;127;127;127m▀▀[38;2;127;127;191;48;2;255;191;191m▀[38;2;127;127;191;48;2;255;255;191m▀[38;2;127;127;191;48;2;255;191;191m▀▀▀▀▀▀▀▀▀[38;2;127;127;191;48;2;255;255;191m▀[38;2;63;63;191;48;2;63;127;127m▀[38;2;0;63;191;48;2;0;63;127m▀[38;2;63;63;191;48;2;0;63;127m▀▀[38;2;0;63;127;48;2;0;63;127m▀[38;2;191;191;255;48;2;11;26;38m▀[38;2;191;255;255;48;2;11;26;38m▀[38;2;191;191;255;48;2;11;26;38m▀[38;2;127;191;191;48;2;11;26;38m▀[0m      [0m
[0m         [38;2;11;26;38;48;2;0;63;127m▀[38;2;0;63;127;48;2;0;63;127m▀▀▀▀[38;2;127;127;191;48;2;127;127;191m▀[38;2;255;191;191;48;2;255;191;191m▀[38;2;255;191;191;48;2;255;255;191m▀[38;2;255;191;191;48;2;127;127;127m▀[38;2;63;127;127;48;2;63;63;127m▀[38;2;127;127;191;48;2;127;191;191m▀[38;2;0;0;63;48;2;0;63;63m▀[38;2;63;63;127;48;2;0;63;63m▀[38;2;255;191;191;48;2;127;127;127m▀[38;2;255;191;191;48;2;255;255;191m▀[38;2;255;191;191;48;2;255;191;191m▀▀[38;2;255;255;191;48;2;127;127;127m▀[38;2;255;191;191;48;2;127;127;127m▀▀[38;2;255;255;191;48;2;127;127;127m▀[38;2;255;191;191;48;2;191;191;191m▀[38;2;255;191;191;48;2;255;191;191m▀▀[38;2;127;127;191;48;2;191;127;191m▀[38;2;0;63;127;48;2;0;63;127m▀▀▀▀[38;2;63;63;127;48;2;0;63;127m▀[0m         [0m
[0m         [38;2;0;63;127;48;2;11;26;38m▀[38;2;0;63;127;48;2;0;63;127m▀▀▀▀[38;2;127;127;191;48;2;127;127;191m▀[38;2;255;191;191;48;2;255;191;191m▀[38;2;255;191;191;48;2;255;255;191m▀[38;2;127;127;127;48;2;127;127;127m▀[38;2;0;63;63;48;2;0;63;63m▀[38;2;0;63;63;48;2;0;63;127m▀[38;2;0;63;63;48;2;0;63;63m▀▀[38;2;63;127;127;48;2;127;127;127m▀[38;2;255;191;191;48;2;255;255;191m▀[38;2;255;191;191;48;2;255;191;191m▀[38;2;191;191;127;48;2;255;191;191m▀[38;2;127;127;127;48;2;255;255;191m▀[38;2;255;191;191;48;2;255;191;191m▀▀[38;2;191;127;127;48;2;255;255;191m▀[38;2;191;127;127;48;2;255;191;191m▀[38;2;255;191;191;48;2;255;191;191m▀[38;2;255;191;191;48;2;255;255;191m▀[38;2;127;127;191;48;2;127;127;191m▀[38;2;0;63;127;48;2;0;63;127m▀▀▀▀▀[0m         [0m
[0m          [38;2;0;63;127;48;2;0;63;127m▀[38;2;0;63;127;48;2;0;63;191m▀[38;2;0;63;127;48;2;0;63;127m▀▀[38;2;63;63;127;48;2;0;63;127m▀[38;2;255;191;191;48;2;191;127;191m▀[38;2;255;191;191;48;2;255;191;191m▀[38;2;191;191;191;48;2;255;191;127m▀[38;2;0;63;63;48;2;191;127;127m▀[38;2;0;63;63;48;2;63;63;127m▀▀[38;2;0;63;63;48;2;191;191;127m▀[38;2;191;191;191;48;2;255;191;191m▀[38;2;255;191;191;48;2;255;191;191m▀▀▀▀▀▀▀[38;2;255;191;191;48;2;255;127;127m▀[38;2;255;191;191;48;2;255;191;191m▀[38;2;255;191;191;48;2;191;127;191m▀[38;2;63;63;127;48;2;0;63;127m▀[38;2;0;63;127;48;2;0;63;127m▀▀[38;2;0;63;127;48;2;0;63;191m▀[38;2;0;63;127;48;2;0;63;127m▀[0m          [0m
[0m          [38;2;0;63;127;48;2;0;63;127m▀▀▀▀▀[38;2;191;127;127;48;2;0;63;127m▀[38;2;255;127;127;48;2;191;127;127m▀[38;2;255;127;127;48;2;255;191;127m▀▀[38;2;255;191;191;48;2;255;191;191m▀▀▀▀▀▀▀▀▀▀[38;2;255;127;127;48;2;255;191;127m▀▀[38;2;255;127;127;48;2;191;127;127m▀[38;2;191;127;127;48;2;63;63;127m▀[38;2;0;63;127;48;2;0;63;127m▀▀▀[38;2;0;63;191;48;2;0;63;127m▀[38;2;0;63;127;48;2;0;63;127m▀[0m          [0m
[0m           [38;2;0;63;127;48;2;0;63;127m▀[38;2;0;63;191;48;2;0;63;127m▀[38;2;0;63;127;48;2;0;63;127m▀▀▀[38;2;63;63;127;48;2;0;63;127m▀[38;2;191;127;127;48;2;0;63;127m▀[38;2;255;191;127;48;2;63;63;127m▀[38;2;255;191;127;48;2;127;127;127m▀[38;2;255;191;191;48;2;191;191;127m▀[38;2;255;191;191;48;2;255;191;127m▀[38;2;255;191;191;48;2;191;127;127m▀▀▀▀[38;2;255;191;191;48;2;255;191;127m▀▀[38;2;255;191;127;48;2;191;127;127m▀[38;2;255;191;127;48;2;63;127;127m▀[38;2;191;127;127;48;2;0;63;127m▀[38;2;63;63;127;48;2;0;63;127m▀[38;2;0;63;127;48;2;0;63;127m▀▀▀[38;2;0;63;191;48;2;0;63;127m▀[38;2;0;63;127;48;2;0;63;127m▀[0m           [0m
[0m            [38;2;0;63;127;48;2;11;26;38m▀[38;2;0;63;191;48;2;0;63;127m▀[38;2;0;63;127;48;2;0;63;127m▀▀▀▀▀▀[38;2;63;63;127;48;2;0;63;127m▀[38;2;127;127;191;48;2;0;63;127m▀▀[38;2;191;127;127;48;2;0;63;127m▀[38;2;127;127;127;48;2;0;63;127m▀[38;2;127;127;191;48;2;0;63;127m▀▀[38;2;63;63;127;48;2;0;63;127m▀[38;2;0;63;127;48;2;0;63;127m▀▀▀▀▀▀[38;2;0;63;191;48;2;0;63;127m▀[38;2;0;63;127;48;2;0;63;127m▀[0m            [0m
[0m             [38;2;0;63;127;48;2;11;26;38m▀[38;2;0;63;127;48;2;63;63;127m▀[38;2;0;63;127;48;2;63;127;191m▀▀▀▀[38;2;63;63;127;48;2;63;127;191m▀[38;2;63;63;191;48;2;191;191;255m▀[38;2;63;63;127;48;2;255;255;255m▀[38;2;63;63;127;48;2;191;255;255m▀[38;2;63;63;127;48;2;255;255;255m▀▀▀▀[38;2;63;63;191;48;2;191;191;255m▀[38;2;63;63;127;48;2;63;127;191m▀[38;2;0;63;127;48;2;63;127;191m▀▀▀▀[38;2;0;63;127;48;2;63;63;191m▀[38;2;0;63;127;48;2;11;26;38m▀[0m             [0m
[0m           [38;2;11;26;38;48;2;63;127;191m▀[38;2;63;127;191;48;2;63;127;255m▀[38;2;63;127;191;48;2;63;127;191m▀▀▀▀▀▀[38;2;127;127;255;48;2;127;191;255m▀[38;2;191;255;255;48;2;255;255;255m▀[38;2;255;255;255;48;2;255;255;255m▀▀▀▀▀▀[38;2;191;255;255;48;2;255;255;255m▀[38;2;127;191;255;48;2;191;191;255m▀[38;2;63;127;191;48;2;63;127;191m▀▀▀▀▀[38;2;63;63;191;48;2;63;127;191m▀[38;2;63;127;191;48;2;63;127;255m▀[38;2;11;26;38;48;2;63;127;191m▀[0m           [0m
[0m          [38;2;63;63;191;48;2;63;127;191m▀[38;2;63;127;191;48;2;63;127;191m▀▀▀▀▀▀▀▀[38;2;191;191;255;48;2;191;191;255m▀[38;2;255;255;255;48;2;255;255;255m▀▀▀▀▀▀▀▀[38;2;191;191;255;48;2;191;191;255m▀[38;2;63;127;191;48;2;63;127;191m▀▀▀▀▀▀▀▀[38;2;63;63;191;48;2;63;127;191m▀[0m          [0m
[0m          [38;2;63;127;191;48;2;63;127;191m▀▀▀▀▀▀▀▀▀[38;2;191;191;255;48;2;191;255;255m▀[38;2;255;255;255;48;2;255;255;255m▀▀▀▀▀▀▀▀[38;2;191;255;255;48;2;255;255;255m▀[38;2;63;127;191;48;2;63;127;191m▀▀▀▀▀▀▀▀▀[38;2;11;26;38;48;2;63;63;127m▀[0m         [0m
[0m         [38;2;63;63;127;48;2;0;63;127m▀[38;2;63;127;191;48;2;63;127;191m▀▀▀▀▀▀▀▀▀[38;2;255;255;255;48;2;255;255;255m▀▀▀▀▀▀▀▀▀▀[38;2;63;127;191;48;2;127;127;191m▀[38;2;63;127;191;48;2;63;127;191m▀▀▀▀▀▀▀▀[38;2;63;63;191;48;2;63;63;191m▀[0m         [0m
[0m          [38;2;63;127;191;48;2;127;127;191m▀[38;2;63;127;191;48;2;191;191;191m▀[38;2;63;127;191;48;2;255;191;191m▀[38;2;63;127;191;48;2;191;191;191m▀[38;2;63;127;191;48;2;127;127;191m▀[38;2;63;127;191;48;2;63;127;191m▀▀▀[38;2;127;127;191;48;2;127;127;191m▀[38;2;255;255;255;48;2;255;255;255m▀▀▀▀▀▀▀▀▀▀[38;2;127;127;191;48;2;127;191;255m▀[38;2;63;127;191;48;2;63;127;191m▀▀▀[38;2;63;127;191;48;2;127;127;191m▀[38;2;63;127;191;48;2;191;191;191m▀[38;2;63;127;191;48;2;255;191;191m▀[38;2;63;127;191;48;2;191;191;191m▀[38;2;63;127;191;48;2;127;127;191m▀[0m          [0m
[0m         [38;2;191;191;127;48;2;191;191;191m▀[38;2;255;191;191;48;2;255;255;191m▀[38;2;255;255;191;48;2;255;191;191m▀[38;2;255;191;191;48;2;255;191;191m▀▀▀[38;2;127;127;191;48;2;191;191;191m▀[38;2;63;127;191;48;2;63;127;191m▀▀[38;2;127;191;255;48;2;127;191;255m▀[38;2;255;255;255;48;2;255;255;255m▀▀▀▀▀▀▀▀▀▀[38;2;127;191;255;48;2;191;191;255m▀[38;2;63;127;191;48;2;63;127;191m▀▀[38;2;127;127;191;48;2;127;191;191m▀[38;2;255;191;191;48;2;255;191;191m▀▀▀▀[38;2;255;191;191;48;2;255;255;191m▀[38;2;191;191;127;48;2;255;191;191m▀[0m         [0m
[0m         [38;2;191;191;127;48;2;11;26;38m▀[38;2;255;191;191;48;2;191;191;191m▀[38;2;255;191;191;48;2;255;191;191m▀▀▀[38;2;255;255;191;48;2;191;191;191m▀[38;2;127;127;191;48;2;63;127;191m▀[38;2;63;127;191;48;2;63;127;191m▀▀[38;2;191;191;255;48;2;191;191;255m▀[38;2;255;255;255;48;2;255;255;255m▀▀▀▀▀▀▀▀▀▀[38;2;191;191;255;48;2;191;191;255m▀[38;2;63;127;191;48;2;63;127;191m▀▀[38;2;127;127;191;48;2;63;127;191m▀[38;2;255;191;191;48;2;191;191;191m▀[38;2;255;191;191;48;2;255;191;191m▀▀▀[38;2;255;191;191;48;2;191;191;191m▀[38;2;191;191;191;48;2;11;26;38m▀[0m         [0m
[0m          [38;2;0;63;191;48;2;63;127;191m▀[38;2;63;127;191;48;2;63;127;255m▀[38;2;127;127;191;48;2;63;127;191m▀▀[38;2;63;127;191;48;2;63;127;191m▀▀▀▀[38;2;191;191;255;48;2;191;255;255m▀[38;2;255;255;255;48;2;255;255;255m▀▀▀▀▀▀▀▀▀▀[38;2;191;255;255;48;2;255;255;255m▀[38;2;63;127;191;48;2;63;127;191m▀▀▀▀▀[38;2;127;127;191;48;2;63;127;191m▀[38;2;63;127;191;48;2;63;127;255m▀[38;2;0;63;191;48;2;63;127;191m▀[0m          [0m
[0m         [38;2;11;26;38;48;2;63;63;127m▀[38;2;63;127;191;48;2;63;127;191m▀▀▀▀▀▀▀▀[38;2;255;255;255;48;2;255;255;255m▀▀▀▀▀▀▀▀▀▀▀▀[38;2;63;127;191;48;2;127;127;191m▀[38;2;63;127;191;48;2;63;127;191m▀▀▀▀▀▀▀[38;2;11;26;38;48;2;63;63;191m▀[0m         [0m
[0m         [38;2;63;63;191;48;2;63;127;191m▀[38;2;63;127;191;48;2;63;127;191m▀▀▀▀▀▀▀▀[38;2;127;127;191;48;2;63;127;191m▀▀▀▀▀▀▀▀▀▀▀▀[38;2;63;127;191;48;2;63;127;191m▀▀▀▀▀▀▀▀▀[0m         [0m
[0m        [38;2;11;26;38;48;2;63;63;191m▀[38;2;63;127;191;48;2;63;127;191m▀▀▀▀▀▀▀▀▀▀▀[38;2;63;127;191;48;2;127;127;191m▀[38;2;63;127;191;48;2;127;191;255m▀[38;2;63;127;191;48;2;63;127;191m▀▀▀▀[38;2;63;127;191;48;2;127;191;255m▀[38;2;63;127;191;48;2;127;127;191m▀[38;2;63;127;191;48;2;63;127;191m▀▀▀▀▀▀▀▀▀▀▀[38;2;11;26;38;48;2;63;63;191m▀[0m        [0m
[0m        [38;2;63;63;191;48;2;11;26;38m▀[38;2;63;127;191;48;2;11;26;38m▀▀▀▀▀▀▀▀▀▀[38;2;63;127;191;48;2;255;255;191m▀[38;2;255;255;255;48;2;255;255;255m▀▀[38;2;191;255;255;48;2;255;255;255m▀[38;2;63;127;191;48;2;255;255;191m▀[38;2;63;127;191;48;2;11;26;38m▀[38;2;191;255;255;48;2;255;255;255m▀[38;2;255;255;255;48;2;255;255;255m▀▀[38;2;127;127;191;48;2;255;255;191m▀[38;2;63;63;191;48;2;11;26;38m▀[38;2;63;127;191;48;2;11;26;38m▀▀▀▀▀▀▀▀▀[38;2;63;63;191;48;2;11;26;38m▀[0m        [0m
[0m                   [38;2;191;191;191;48;2;255;255;255m▀[38;2;255;255;255;48;2;255;255;255m▀▀[38;2;191;255;255;48;2;255;255;255m▀[38;2;191;191;191;48;2;255;255;255m▀[0m [38;2;191;255;255;48;2;255;255;255m▀[38;2;255;255;255;48;2;255;255;255m▀▀[38;2;191;191;191;48;2;255;255;255m▀[0m                   [0m
[0m                  [38;2;11;26;38;48;2;0;63;63m▀[38;2;63;127;127;48;2;0;63;127m▀[38;2;127;127;191;48;2;0;63;127m▀▀▀[38;2;63;63;127;48;2;0;63;127m▀▀[38;2;127;127;191;48;2;0;63;127m▀▀▀[38;2;127;127;127;48;2;0;63;127m▀[38;2;11;26;38;48;2;0;63;127m▀[0m                  [0m
[0m                  [38;2;0;63;63;48;2;11;26;38m▀[38;2;0;63;127;48;2;11;26;38m▀[38;2;63;63;127;48;2;0;63;63m▀▀▀[38;2;0;63;127;48;2;11;26;38m▀▀[38;2;63;63;127;48;2;0;63;63m▀▀▀[38;2;0;63;127;48;2;11;26;38m▀▀[0m                  [0m
